1328207479 0
1328270856 456
1328286504 798
1328290779 907
1328527347 873
1328537592 1021
1328537595 1021
1328539457 987
1328540023 1014
1328543833 1036
1328546245 1125
1328553186 1170
1328607519 1170
1328631731 1381
1328698530 1486
1328703379 1531
1328709171 1635
1328712741 1635
1328714484 1665
1328714847 1676
1328714939 1676
1328719459 1867
1328726124 2095
1328726129 2195
1328884669 14837
1328885054 15456
1328973876 15582
1328973952 15600
1329149474 16042
1329149517 16281
1329236421 16886
1329236679 16955
1329325995 16955
1329326035 18375
1329465089 17995
1329465630 18782
1329484971 19469
1329502362 19483
1329502399 19672
1329764162 19699
1329764264 19790
1329831149 20003
1329838637 21497
1329846225 21497
1329846229 21625
1329904949 21857
1329929096 21960
1329989772 21960
1329993279 21981
1330007534 21982
1330007748 21982
1330016859 21733
1330035060 21747
1330072948 21827
1330250749 21229
1330250824 22367
1330356117 22643
1330356458 22671
1330361192 23194
1330365998 23194
1330422251 23194
1330436787 23139
1330443198 23167
1330527207 23678
1330529108 23904
1330529149 24610
1330536474 24618
1330595858 24618
1330599922 25061
1330611740 25119
1330623403 25579
1330688538 26008
1330688718 25971
1330699655 26564
1330701295 26577
1330938332 26747
1330938346 27206
1330967874 26903
1330967979 26992
1330986112 27029
1330986201 27029
1331033819 27819
1331043196 27819
1331052820 27573
1331071643 27701
1331071781 27837
1331073022 27826
1331243717 28514
1331316885 28628
1331316974 28628
1331578542 28628
1331578572 26525
1331674227 26559
1331743245 24516
1331743380 24516
1331746129 24635
1331750421 24655
1331750485 24617
1331750616 24617
1331752442 24617
1331752471 24835
1331764175 24908
1331827468 26036
1331827473 26036
1331827533 26036
1331833230 26037
1331896101 27111
1331918253 27284
1332109015 29081
1332157527 28370
1332178379 28542
1332243648 28591
1332245533 28519
1332245570 28519
1332245861 28519
1332252644 28562
1332255943 28554
1332267190 30417
1332344176 31904
1332344185 32002
1332346549 32002
1332350291 32028
1332417144 32143
1332418362 32244
1332421966 32622
1332422201 33257
1332428237 33325
1332432731 33594
1332434522 33728
1332437102 33711
1332437107 33743
1332437794 33746
1332516988 34195
1332517403 34335
1332528139 34290
1332528445 34290
1332529242 34290
1332529355 32822
1332580954 32945
1332581490 32945
1332589477 32863
1332589918 32863
1332589924 32950
1332596902 32860
1332597872 32878
1332597878 32934
1332598189 32891
1332599896 32891
1332600246 32891
1332772105 32859
1332772167 33705
1332775792 38125
1332777606 38176
1332780600 38257
1332833076 38342
1332841346 38292
1332864584 39171
1332864592 39361
1332867362 39361
1332934309 39500
1332934339 39577
1332935294 39584
1332947066 39883
1332947583 39916
1332947805 39944
1332948729 39972
1332971606 39972
1333004128 39972
1333031202 39631
1333031454 39821
1333042061 39959
1333042090 40187
1333113834 40187
1333115428 40428
1333116376 40428
1333116640 40428
1333315203 40622
1333315494 40622
1333360543 40805
1333382611 41312
1333385816 41417
1333447152 41413
1333447201 41941
1333450655 41941
1333460575 41559
1333467166 41733
1333473238 41754
1333527625 38259
1333527899 38259
1333532811 38259
1333535736 38390
1333538108 38278
1333543573 38400
1333544862 38435
1333547310 38483
1333554406 38998
1333554429 53046
1333618115 55262
1333618283 55262
1333657060 55045
1333657100 55045
1334002729 55137
1334002786 55137
1334042858 55156
1334154349 55373
1334167760 55440
1334214045 55448
1334218756 55449
1334224999 55847
1334225991 55531
1334246118 55258
1334246341 55281
1334247895 55278
1334249183 55317
1334251093 55317
1334266512 55335
1334326955 53341
1334328718 53363
1334389408 53385
1334389423 53324
1334395203 53348
1334503444 53907
1334575593 54719
1334575646 54778
1334575939 54778
1334575940 54778
1334576495 54778
1334587809 56196
1334589027 56328
1334589689 56328
1334594671 56517
1334595821 56526
1334651742 56592
1334654882 56099
1334655608 56099
1334657856 56099
1334657860 56102
1334663233 56095
1334670959 56121
1334671865 56129
1334679563 56794
1334680187 56794
1334680188 56814
1334680245 56814
1334694776 56814
1334694797 56820
1334734684 56820
1334738446 57095
1334742314 57216
1334742793 57216
1334744006 57224
1334749052 57244
1334749073 57226
1334759921 57105
1334779296 57105
1334826468 57317
1334831150 57330
1334836451 57330
1334838325 57330
1334847539 57449
1334849848 57319
1334857904 57330
1334857921 57330
1334928906 57330
1334928918 57326
1334937893 57428
1335088297 57471
1335088314 57471
1335432589 57471
1335435867 57528
1335437111 57528
1335453797 58543
1335458262 58543
1335518995 58549
1335527824 58874
1335544517 58931
1335778105 58844
1335778111 58844
1335785492 59374
1335787417 59484
1335794707 59498
1335803218 59641
1335804312 59641
1335819131 59641
1335824115 59641
1335856861 59641
1335950388 59614
1335956126 59663
1335968160 59649
1335974163 59660
1335974168 59660
1335975330 59651
1335978652 59681
1336040733 59819
1336042285 59819
1336050059 59877
1336052988 59950
1336062680 60188
1336139562 60378
1336143985 60445
1336147013 60447
1336385733 60571
1336402112 60701
1336405068 60701
1336405380 60620
1336408873 60656
1336466145 60656
1336477988 60763
1336490206 60828
1336491854 60828
1336492827 60828
1336557235 60787
1336557436 60834
1336557577 60834
1336593097 60834
1336593103 61212
1336649058 61644
1336669800 62057
1336759429 62126
1336820974 62155
1336820985 62155
1336918028 62271
1337007889 62224
1337012326 62224
1337070285 62224
1337072575 62224
1337082103 62224
1337177599 62663
1337181787 62684
1337183410 62942
1337243084 63475
1337244291 63419
1337251643 63412
1337262836 63463
1337266304 63296
1337266403 63296
1337267620 63278
1337272736 63349
1337330512 63315
1337332829 63420
1337358268 63420
1337605334 63732
1337608146 63803
1337608336 63803
1337615796 64439
1337683062 63824
1337684669 63823
1337691958 63817
1337692444 63834
1337694477 63878
1337703235 63912
1337703954 63786
1337704504 63778
1337765104 63831
1337765404 63831
1337765752 63950
1337767106 64025
1337770030 64025
1337793714 63956
1337794250 64142
1337851459 64133
1337851473 64838
1337853423 64900
1337853448 64900
1337857605 64900
1337962821 64940
1337966578 64950
1337966946 65070
1338290754 65793
1338297500 65864
1338407642 65864
1338552956 66853
1338757026 66875
1338817107 66892
1338819226 69112
1338819317 69112
1338819870 69097
1338830323 69280
1338887194 69445
1338889839 69499
1338891860 69556
1338891866 69774
1338895191 69753
1338895231 69753
1338895548 69753
1338901140 69822
1338907822 69507
1338908141 69485
1338912543 69539
1338912808 69539
1338912953 69539
1338933506 69578
1338969500 69639
1338970913 69649
1338978089 69833
1338979232 69857
1338981688 69862
1338983364 68865
1338983383 68865
1338994246 68819
1338994307 68819
1338996744 68829
1338996792 68878
1338998229 68859
1339007488 68842
1339058613 68842
1339060029 68842
1339060044 68845
1339063946 68860
1339081521 68905
1339081529 69235
1339085061 69235
1339085068 69227
1339102487 69255
1339146538 69264
1339156587 70425
1339165677 70425
1339174964 70444
1339488382 70611
1339498085 70660
1339498842 71085
1339499082 71086
1339514481 71128
1339579345 71302
1339586034 71385
1339596956 71411
1339607065 71428
1339607382 71428
1339672865 71468
1339673051 71575
1339673491 71575
1339683413 71708
1339686112 71746
1339686135 71746
1339687941 71811
1339696355 71849
1339703919 72020
1339744862 72016
1339754881 71938
1339755005 71938
1339759733 72086
1339759957 72252
1339760759 72252
1339769105 72277
1339769129 72797
1339773482 74075
1339773536 74080
1340002914 74147
1340003081 74226
1340221088 74226
1340221177 75100
1340386747 75911
1340399718 76173
1340472342 76241
1340552559 76873
1340620205 76756
1340623585 76789
1340625188 76789
1340634599 75912
1340640459 76013
1340703056 76013
1340707346 76041
1340720986 76065
1340726786 76072
1340779943 76116
1340780055 76116
1340790197 76227
1340791140 76277
1340792411 76326
1340824625 82445
1340824654 83822
1340878927 84749
1340879803 84749
1340896517 84852
1340958723 84877
1340965881 84905
1340966767 84997
1340971309 85041
1340973382 85012
1340973414 85054
1340977525 85054
1341211450 85061
1341220045 85127
1341220069 85085
1341231632 85093
1341231663 85203
1341386455 85186
1341386727 87306
1341469616 87936
1341470009 89202
1341476970 89206
1341480389 89211
1341480435 89270
1341480474 89270
1341480779 89270
1341488004 89859
1341489836 90023
1341490302 90027
1341503093 90683
1341558765 90815
1341558783 90857
1341562629 90857
1341565390 90701
1341566430 90701
1341573608 89804
1341573648 89862
1341587722 89854
1341587763 89932
1341588353 89935
1341818745 90137
1341818775 90137
1341835888 90504
1341835911 90504
1341835981 90598
1341846251 90753
1341847678 90715
1341852678 90739
1341857813 90739
1341860254 90730
1341860290 92714
1341908322 92714
1341908451 92714
1341918300 92701
1341919411 92724
1341921437 92796
1341927648 92800
1341929639 92860
1341934060 92939
1341935253 92939
1342040087 93080
1342040235 93217
1342099764 93250
1342100011 92982
1342101531 92982
1342101545 92979
1342172261 93053
1342172878 94137
1342184449 94194
1342184588 94207
1342347342 95359
1342347650 95992
1342441460 98432
1342444739 98501
1342461977 98592
1342462214 98780
1342476574 98780
1342524546 98820
1342535174 98949
1342539353 98879
1342643958 98925
1342644095 99308
1342700664 99099
1342700756 99099
1342701138 99099
1342701228 99099
1342705302 99099
1342784209 99723
1342786850 99917
1342795320 99917
1342900218 99877
1342900424 100110
1342910367 100229
1342914438 100514
1342969305 100533
1343053076 100578
1343060690 100578
1343060698 101517
1343118856 101517
1343120712 101517
1343122578 101191
1343130861 101246
1343144015 101693
1343210033 101890
1343211586 101935
1343211731 101935
1343215912 101935
1343238247 102036
1343238266 101423
1343334782 101437
1343334906 101827
1343335570 101827
1343376295 101901
1343383385 101955
1343383452 102062
1343407499 102465
1343407518 102347
1343628555 102713
1343658514 102742
1343671911 102703
1343671925 102352
1343718959 102436
1343763616 102424
1343764153 102693
1343769944 102722
1343771424 102722
1343831557 102820
1343831578 102798
1343855913 102831
1343855930 102322
1343901623 102337
1343901650 102345
1343906928 102367
1343906945 102367
1343994567 102553
1344000164 102561
1344000408 102570
1344004581 102584
1344004616 102656
1344005890 102672
1344006725 106502
1344240112 106502
1344240144 107416
1344247729 107485
1344252801 107703
1344256113 108015
1344267735 108326
1344269738 108360
