1328207479 0 0 0 0
1328270856 518 0 0 0
1328286504 1208 0 0 0
1328290779 1355 0 0 0
1328527347 1546 0 0 0
1328531067 1546 0 0 0
1328537592 1798 0 0 0
1328537595 1798 0 0 0
1328539457 2063 0 0 0
1328540023 2104 0 0 0
1328543833 2160 0 0 0
1328546245 2281 0 0 0
1328553186 2368 0 0 0
1328607519 2368 0 0 0
1328631731 2872 0 0 0
1328698530 3014 0 0 0
1328703379 3108 0 0 0
1328709171 5662 0 0 0
1328712741 5662 0 0 0
1328714484 5693 0 0 0
1328714847 5708 0 0 0
1328714939 5708 0 0 0
1328719459 5914 0 0 0
1328720405 5914 0 60 0
1328720412 5914 0 60 0
1328724037 5914 0 110 0
1328726124 6146 0 110 0
1328726129 6146 0 110 0
1328814803 6571 0 110 0
1328884039 6885 0 110 0
1328884330 6885 0 110 0
1328884618 6885 0 110 0
1328884669 6885 0 110 12643
1328885054 6885 0 110 12643
1328890664 6888 0 110 12643
1328972008 6941 0 110 12643
1328973876 6941 222 110 12643
1328973952 6941 222 110 12643
1329139950 7204 222 110 12643
1329149474 7204 1098 110 12643
1329149517 7204 1098 110 12643
1329149523 7375 1098 110 12643
1329149864 7386 1098 110 12643
1329236421 7386 2011 110 12643
1329236679 7386 2011 110 12643
1329240972 8264 2011 110 12643
1329241024 8264 2011 110 12643
1329241139 8265 2011 110 12643
1329307673 10427 2011 110 12643
1329325177 10739 2011 110 12643
1329325995 10739 2011 110 12643
1329326035 10739 2011 110 12643
1329401579 11523 2011 110 12643
1329406531 11548 2011 110 12643
1329411461 11757 2011 110 12643
1329413639 11784 2011 110 12643
1329465089 11784 3349 110 12643
1329465630 11784 3349 110 12643
1329484971 11784 4484 110 12643
1329486229 11863 4484 110 12643
1329486310 11863 4484 110 12643
1329499465 12089 4484 110 12643
1329502362 12089 4558 110 12643
1329502399 12089 4558 110 12643
1329764162 12122 4558 110 12643
1329764190 12122 4873 110 12643
1329764264 12122 4873 110 12643
1329831149 12339 4873 110 12643
1329838637 14379 4873 110 12643
1329842347 14379 5021 110 12643
1329842617 14379 5021 110 12643
1329845555 14379 5115 110 12643
1329846225 14379 5115 110 12643
1329846229 14379 5115 110 12643
1329901001 14379 5376 110 12643
1329904949 14379 5376 110 12643
1329929096 14564 5376 110 12643
1329989772 14564 5376 110 12643
1329993279 14587 5376 110 12643
1330007534 14589 5376 110 12643
1330007748 14589 5376 110 12643
1330016859 14953 5376 110 12643
1330021843 14953 5498 110 12643
1330023315 14953 5498 110 12643
1330023434 14953 5498 110 12643
1330035060 14953 5498 110 12643
1330072948 14953 5595 110 12643
1330084492 16440 5595 110 12643
1330084638 16440 5595 110 12643
1330098540 16634 5595 110 12643
1330250749 16634 6263 110 12643
1330250824 16634 6263 110 12643
1330356117 16935 6263 110 12643
1330356458 16966 6263 110 12643
1330361192 17492 6263 110 12643
1330362888 17492 6721 110 12643
1330362931 17492 6721 110 12643
1330365998 17492 6721 110 12643
1330422251 17492 6721 110 12643
1330436787 17704 6721 110 12643
1330443198 17741 6721 110 12643
1330463914 17741 7010 110 12643
1330464044 17741 7010 110 12643
1330464154 17741 7010 110 12643
1330527207 18682 7010 110 12643
1330529108 19052 7010 110 12643
1330529149 19052 7010 110 12643
1330536474 19127 7010 110 12643
1330595858 19127 7010 110 12643
1330599922 19665 7010 110 12643
1330611740 19766 7010 110 12643
1330623403 20326 7010 110 12643
1330634383 20326 7233 110 12643
1330634420 20326 7233 110 12643
1330688538 20805 7233 110 12643
1330688718 20834 7233 110 12643
1330699655 21897 7233 110 12643
1330701295 21918 7233 110 12643
1330727915 21918 7648 110 12643
1330730473 21918 7648 110 12643
1330770848 21918 7648 110 12643
1330887470 21918 7844 110 12643
1330938332 22092 7844 110 12643
1330938346 22092 7844 110 12643
1330966036 22092 7960 110 12643
1330967874 22327 7960 110 12643
1330967979 22327 7960 110 12643
1330986112 22327 8018 110 12643
1330986201 22327 8018 110 12643
1331033819 23269 8018 110 12643
1331043196 23269 8018 110 12643
1331052820 24565 8018 110 12643
1331057433 24565 8162 110 12643
1331057465 24565 8162 110 12643
1331057956 24565 8162 110 12643
1331071643 24565 8293 110 12643
1331071781 24565 8293 110 12643
1331073022 24565 8300 110 12643
1331243717 24565 9484 110 12643
1331316885 24565 9715 110 12643
1331316974 24565 9715 110 12643
1331566466 25098 9715 110 12643
1331567701 53215 9715 110 12643
1331568083 80407 9715 110 12643
1331568342 80407 9715 110 12643
1331574349 80551 9715 110 12643
1331574612 108707 9715 110 12643
1331578542 108707 9715 110 12643
1331578572 108707 9715 110 12643
1331674227 108707 9762 110 12643
1331720058 108784 9762 110 12643
1331720137 108784 9762 110 12643
1331725249 108848 9762 110 12643
1331741272 109027 9762 110 12643
1331743245 109027 10453 110 12643
1331743380 109027 10453 110 12643
1331746129 109027 10453 110 12643
1331746302 109028 10453 110 12643
1331750421 109028 15343 110 12643
1331750485 109028 15343 110 12643
1331750616 109028 15343 110 12643
1331750825 109561 15343 110 12643
1331751142 109561 15343 110 12643
1331752442 109561 15343 110 12643
1331752471 109561 15343 110 12643
1331764175 109561 15466 110 12643
1331827413 109561 15466 110 12643
1331827468 110700 15466 110 12643
1331827473 110700 15466 110 12643
1331827533 110700 15466 110 12643
1331833230 110828 15466 110 12643
1331896101 112077 15466 110 12643
1331918253 112316 15466 110 12643
1332109015 112316 17681 110 12643
1332157527 112560 17681 110 12643
1332178379 112811 17681 110 12643
1332243648 112881 17681 110 12643
1332245533 113018 17681 110 12643
1332245570 113018 17681 110 12643
1332245861 113226 17681 110 12643
1332252644 113317 17681 110 12643
1332255943 113339 17681 110 12643
1332267190 115236 17681 110 12643
1332341890 115236 17844 110 12643
1332341985 115236 17844 110 12643
1332344176 116864 17844 110 12643
1332344185 116864 17844 110 12643
1332346549 116864 17844 110 12643
1332350291 116952 17844 110 12643
1332417144 117181 17844 110 12643
1332418362 117316 17844 110 12643
1332419447 117316 18072 110 12643
1332419487 117316 18072 110 12643
1332419528 117316 18072 110 12643
1332420420 117316 18072 110 12643
1332421966 117789 18072 110 12643
1332422201 117789 18072 110 12643
1332428237 117986 18072 110 12643
1332432731 118267 18072 110 12643
1332434522 118455 18072 110 12643
1332434922 118455 18116 110 12643
1332434986 118455 18116 110 12643
1332437102 118488 18116 110 12643
1332437107 118488 18116 110 12643
1332437794 118498 18116 110 12643
1332516113 118498 18294 110 12643
1332516988 120456 18294 110 12643
1332517403 120456 18294 110 12643
1332524692 120882 18294 110 12643
1332528139 120882 18349 110 12643
1332528445 120882 18349 110 12643
1332529242 120882 18349 110 12643
1332529355 120882 18349 110 12643
1332580954 120882 18591 110 12643
1332581490 120882 18591 110 12643
1332589477 121235 18591 110 12643
1332589518 121235 18685 110 12643
1332589578 121235 18685 110 12643
1332589918 121235 18685 110 12643
1332589924 121235 18685 110 12643
1332596902 121485 18685 110 12643
1332597459 121485 18685 110 12643
1332597560 121485 18685 110 12643
1332597620 121485 18685 110 12643
1332597872 121520 18685 110 12643
1332597878 121520 18685 110 12643
1332598189 121529 18685 110 12643
1332599896 121529 18685 110 12643
1332600246 121529 18685 110 12643
1332749120 121529 18868 110 12643
1332755045 121529 19535 110 12643
1332770999 121529 19587 110 12643
1332772105 121604 19587 110 12643
1332772167 121604 19587 110 12643
1332775792 126335 19587 110 12643
1332777606 126394 19587 110 12643
1332780600 126478 19587 110 12643
1332833076 126478 19864 110 12643
1332841346 130599 19864 110 12643
1332841486 130599 19955 110 12643
1332841525 130599 19955 110 12643
1332857738 130599 20320 110 12643
1332864584 132171 20320 110 12643
1332864592 132171 20320 110 12643
1332867362 132171 20320 110 12643
1332928867 132171 20413 110 12643
1332928927 132171 20413 110 12643
1332934309 132365 20413 110 12643
1332934339 132365 20413 110 12643
1332935294 132388 20413 110 12643
1332947066 132851 20413 110 12643
1332947583 132885 20413 110 12643
1332947805 132914 20413 110 12643
1332948729 132946 20413 110 12643
1332971606 132946 20413 110 12643
1333004128 132946 20413 110 12643
1333008453 133628 20413 110 12643
1333010685 133666 20413 110 12643
1333021163 133803 20413 110 12643
1333021235 133803 20413 110 12643
1333022914 133872 20413 110 12643
1333023186 133877 20413 110 12643
1333031202 133877 20778 110 12643
1333031454 133877 20778 110 12643
1333036514 134110 20778 110 12643
1333036538 134110 20778 110 12643
1333042061 134110 20963 110 12643
1333042090 134110 20963 110 12643
1333104357 134363 20963 110 12643
1333105407 134411 20963 110 12643
1333107497 134526 20963 110 12643
1333113834 134526 20963 110 12643
1333115428 134526 21332 110 12643
1333116376 134526 21332 110 12643
1333116640 134526 21332 110 12643
1333315203 134526 22403 110 12643
1333315494 134526 22403 110 12643
1333360543 134959 22403 110 12643
1333364782 134959 22525 110 12643
1333364890 134959 22525 110 12643
1333382611 136013 22525 110 12643
1333385816 136137 22525 110 12643
1333401539 136137 23039 110 12643
1333401573 136137 23039 110 12643
1333447152 136168 23039 110 12643
1333447201 136168 23039 110 12643
1333450655 136168 23039 110 12643
1333460575 136347 23039 110 12643
1333467166 136736 23039 110 12643
1333473238 137229 23039 110 12643
1333527625 137229 23204 110 12643
1333527899 137229 23204 110 12643
1333532811 137229 23204 110 12643
1333535736 137487 23204 110 12643
1333538108 137565 23204 110 12643
1333543573 137982 23204 110 12643
1333544862 138023 23204 110 12643
1333547310 138076 23204 110 12643
1333553437 138076 23342 110 12643
1333553908 138076 23342 110 12643
1333554406 138616 23342 110 12643
1333554429 138616 23342 110 12643
1333618115 138616 26022 110 12643
1333618283 138616 26022 110 12643
1333657060 138616 26228 110 12643
1333657100 138616 26228 110 12643
1334002729 138616 28448 110 12643
1334002786 138616 28448 110 12643
1334042858 138616 28486 110 12643
1334055168 138745 28486 110 12643
1334057973 138826 28486 110 12643
1334081208 139023 28486 110 12643
1334153506 139509 28486 110 12643
1334154349 139509 28800 110 12643
1334158917 139663 28800 110 12643
1334159545 139663 28800 110 12643
1334164508 139818 28800 110 12643
1334167760 139818 28886 110 12643
1334173697 139818 28888 110 12643
1334214045 139818 28898 110 12643
1334218620 139818 28962 110 12643
1334218652 139818 28962 110 12643
1334218756 139818 28962 110 12643
1334224872 140044 28962 110 12643
1334224883 140044 28962 110 12643
1334224999 140044 28962 110 12643
1334225227 140044 29006 110 12643
1334225940 140044 29006 110 12643
1334225991 140051 29006 110 12643
1334227513 140051 29006 110 12643
1334246118 140371 29006 110 12643
1334246341 140371 29006 110 12643
1334247895 140376 29006 110 12643
1334249183 140423 29006 110 12643
1334251093 140423 29006 110 12643
1334266512 140423 29043 110 12643
1334326955 141450 29043 110 12643
1334328718 141450 29075 110 12643
1334335941 142042 29075 110 12643
1334336569 142042 29075 110 12643
1334389408 142042 29107 110 12643
1334389423 142042 29107 110 12643
1334395203 142042 29155 110 12643
1334503444 142042 29825 110 12643
1334568398 142042 29892 110 12643
1334569097 142042 29892 110 12643
1334575593 143483 29892 110 12643
1334575646 143483 29892 110 12643
1334575849 143483 29892 110 12643
1334575939 143483 29892 110 12643
1334575940 143483 29892 110 12643
1334576495 143483 29892 110 12643
1334587809 144913 29892 110 12643
1334588884 144913 30034 110 12643
1334588903 144913 30034 110 12643
1334588947 144913 30034 110 12643
1334589027 144913 30034 110 12643
1334589689 144913 30034 110 12643
1334594671 145137 30034 110 12643
1334595821 145147 30034 110 12643
1334611370 145147 30175 110 12643
1334611403 145147 30175 110 12643
1334612586 145147 30178 110 12643
1334651742 145147 30178 110 12643
1334654882 145199 30178 110 12643
1334655608 145199 30178 110 12643
1334657789 145199 30188 110 12643
1334657856 145216 30188 110 12643
1334657860 145216 30188 110 12643
1334663233 145270 30188 110 12643
1334670959 145424 30188 110 12643
1334671865 145433 30188 110 12643
1334673081 145433 30225 110 12643
1334673102 145433 30225 110 12643
1334679563 146248 30225 110 12643
1334680187 146248 30225 110 12643
1334680188 146248 30225 110 12643
1334680245 146248 30225 110 12643
1334682888 146300 30225 110 12643
1334694776 146300 30225 110 12643
1334694797 146300 30225 110 12643
1334734684 146300 30225 110 12643
1334738446 146684 30225 110 12643
1334742314 146847 30225 110 12643
1334742793 146847 30225 110 12643
1334744006 146858 30225 110 12643
1334747166 146902 30225 110 12643
1334749052 146902 30247 110 12643
1334749073 146902 30247 110 12643
1334759921 147094 30247 110 12643
1334770556 147427 30247 110 12643
1334770741 147501 30247 110 12643
1334779296 147501 30247 110 12643
1334826109 147567 30247 110 12643
1334826468 147567 30247 110 12643
1334827499 147588 30247 110 12643
1334831150 147588 30247 110 12643
1334835533 147588 30247 110 12643
1334835910 147588 30247 110 12643
1334836451 147588 30247 110 12643
1334838325 147588 30247 110 12643
1334847539 147766 30247 110 12643
1334849848 147789 30247 110 12643
1334854447 147789 30247 110 12643
1334857904 147789 30277 110 12643
1334857921 147789 30277 110 12643
1334917274 147862 30277 110 12643
1334917912 147862 30277 110 12643
1334918884 147866 30277 110 12643
1334927425 147866 30277 110 12643
1334928673 147866 30277 110 12643
1334928906 147866 30277 110 12643
1334928918 147866 30277 110 12643
1334937893 147982 30277 110 12643
1334952814 147982 30277 110 12643
1335088297 148026 30277 110 12643
1335088314 148026 30277 110 12643
1335432589 149755 30277 110 12643
1335435867 149893 30277 110 12643
1335437111 149893 30277 110 12643
1335453797 150921 30277 110 12643
1335458262 150923 30277 110 12643
1335518995 151003 30277 110 12643
1335527824 151345 30277 110 12643
1335544517 151446 30277 110 12643
1335557396 151446 30277 110 12643
1335557404 151446 30277 110 12643
1335597561 151446 30277 110 12643
1335621285 151446 30569 110 12643
1335778105 151511 30569 110 12643
1335778111 151511 30569 110 12643
1335785492 153067 30569 110 12643
1335787417 153217 30569 110 12643
1335794707 153251 30569 110 12643
1335803218 153637 30569 110 12643
1335804312 153637 30569 110 12643
1335812100 153637 30993 110 12643
1335819131 153637 30993 110 12643
1335824115 153637 30993 110 12643
1335856861 153637 30993 110 12643
1335878524 153637 32230 110 12643
1335950388 153714 32230 110 12643
1335956126 153785 32230 110 12643
1335966562 153785 32761 110 12643
1335968160 153828 32761 110 12643
1335969842 153828 32761 110 12643
1335974163 153864 32761 110 12643
1335974168 153864 32761 110 12643
1335975330 153934 32761 110 12643
1335978652 154029 32761 110 12643
1336040733 154330 32761 110 12643
1336042285 154330 32761 110 12643
1336050059 154434 32761 110 12643
1336051945 154434 33061 110 12643
1336052988 154583 33061 110 12643
1336060748 154583 33061 110 12643
1336062680 154908 33061 110 12643
1336063385 154908 33081 110 12643
1336139562 155359 33081 110 12643
1336143985 155655 33081 110 12643
1336147013 155660 33081 110 12643
1336164174 155660 33081 110 12643
1336164773 155660 33081 110 12643
1336385733 155923 33081 110 12643
1336402112 156202 33081 110 12643
1336405068 156202 33081 110 12643
1336405380 156764 33081 110 12643
1336408873 156898 33081 110 12643
1336410785 156898 33083 110 12643
1336410798 156898 33083 110 12643
1336466145 156898 33083 110 12643
1336466860 156898 33236 110 12643
1336477988 157051 33236 110 12643
1336490206 157414 33236 110 12643
1336491854 157414 33236 110 12643
1336492827 157414 33236 110 12643
1336494283 157414 33403 110 12643
1336505828 157414 33403 110 12643
1336557235 157517 33403 110 12643
1336557436 157517 33403 110 12643
1336557577 157517 33403 110 12643
1336572309 157523 33403 110 12643
1336580160 160307 33403 110 12643
1336580972 160307 33403 110 12643
1336581939 160316 33403 110 12643
1336593097 160316 33403 110 12643
1336593103 160316 33403 110 12643
1336645145 160905 33403 110 12643
1336649036 160905 33566 110 12643
1336649058 160905 33566 110 12643
1336664204 161593 33566 110 12643
1336669750 161593 33695 110 12643
1336669800 161593 33695 110 12643
1336726651 161643 33695 110 12643
1336729407 161727 33695 110 12643
1336730228 161775 33695 110 12643
1336732893 161846 33695 110 12643
1336750917 162226 33695 110 12643
1336753903 162389 33695 110 12643
1336759290 162389 33695 110 12643
1336759400 162389 33741 110 12643
1336759429 162389 33741 110 12643
1336813499 162389 33741 110 12643
1336820974 162389 33791 110 12643
1336820985 162389 33791 110 12643
1336918028 162389 33937 110 12643
1337007889 162760 33937 110 12643
1337012326 162763 33937 110 12643
1337070285 162763 33937 110 12643
1337071216 162763 34365 110 12643
1337072575 162763 34365 110 12643
1337082103 162861 34365 110 12643
1337177599 163608 34365 110 12643
1337181787 163671 34365 110 12643
1337183359 163671 34365 110 12643
1337183363 163671 34365 110 12643
1337183410 163671 34365 110 12643
1337188882 163671 34703 110 12643
1337188898 163671 34703 110 12643
1337239286 163671 34757 110 12643
1337243084 163671 34757 110 12643
1337244291 163694 34757 110 12643
1337251643 164133 34757 110 12643
1337262836 164270 34757 110 12643
1337266304 164381 34757 110 12643
1337266403 164381 34757 110 12643
1337267620 164403 34757 110 12643
1337272736 164498 34757 110 12643
1337277146 164498 35142 110 12643
1337277156 164498 35142 110 12643
1337330512 164501 35142 110 12643
1337332644 164501 35142 110 12643
1337332829 164501 35142 110 12643
1337357793 164501 35188 110 12643
1337357909 164501 35188 110 12643
1337358268 164501 35188 110 12643
1337501011 164501 35650 110 12643
1337593572 164700 35650 110 12643
1337596270 164736 35650 110 12643
1337604955 164736 35650 110 12643
1337605314 164736 35650 110 12643
1337605334 164736 35650 110 12643
1337608146 164843 35650 110 12643
1337608322 164843 35650 110 12643
1337608336 164843 35650 110 12643
1337615796 165508 35650 110 12643
1337683062 165681 35650 110 12643
1337684669 165683 35650 110 12643
1337691958 166344 35650 110 12643
1337692444 168308 35650 110 12643
1337694477 168950 35650 110 12643
1337703235 169004 35650 110 12643
1337703954 169008 35650 110 12643
1337704504 169020 35650 110 12643
1337710628 169020 36152 110 12643
1337710646 169020 36152 110 12643
1337757868 169020 36177 110 12643
1337763367 169020 36194 110 12643
1337765104 169294 36194 110 12643
1337765404 169298 36194 110 12643
1337765752 169420 36194 110 12643
1337767106 169516 36194 110 12643
1337770030 169516 36194 110 12643
1337793714 170239 36194 110 12643
1337794250 170239 36194 110 12643
1337808876 170239 36867 110 12643
1337808908 170239 36867 110 12643
1337809446 170239 36867 110 12643
1337850355 170239 36867 110 12643
1337851459 170279 36867 110 12643
1337851473 170279 36867 110 12643
1337853423 170354 36867 110 12643
1337853448 170354 36867 110 12643
1337857605 170354 36867 110 12643
1337934521 170383 36867 110 12643
1337942254 171705 36867 110 12643
1337947038 171858 36867 110 12643
1337955248 172156 36867 110 12643
1337962821 172156 36915 110 12643
1337965928 172515 36915 110 12643
1337966578 172515 36929 110 12643
1337966946 172515 36929 110 12643
1338288624 173716 36929 110 12643
1338290754 173716 38082 110 12643
1338291441 173759 38082 110 12643
1338297500 173759 38192 110 12643
1338299940 174311 38192 110 12643
1338306501 174335 38192 110 12643
1338327603 174335 38192 110 12643
1338369126 174631 38192 110 12643
1338390928 174696 38192 110 12643
1338393319 174866 38192 110 12643
1338407642 174866 38192 110 12643
1338414517 174866 38421 110 12643
1338448105 174866 38421 110 12643
1338451873 174866 38516 110 12643
1338453842 174866 38516 110 12643
1338453977 174866 38516 110 12643
1338462247 175462 38516 110 12643
1338474767 175792 38516 110 12643
1338476554 175795 38516 110 12643
1338476609 175795 38516 110 12643
1338482073 175820 38516 110 12643
1338533464 175820 38519 110 12643
1338545917 176357 38519 110 12643
1338551926 178788 38519 110 12643
1338552956 178788 39584 110 12643
1338560979 178788 39598 110 12643
1338561328 178948 39598 110 12643
1338561334 178948 39598 110 12643
1338561474 178948 39598 110 12643
1338561835 178948 39598 110 12643
1338562515 178968 39598 110 12643
1338566269 179077 39598 110 12643
1338722858 179077 39933 110 12643
1338734554 179077 39933 110 12643
1338757026 179077 40073 110 12643
1338802790 179187 40073 110 12643
1338803474 179191 40073 110 12643
1338804158 179191 40073 110 12643
1338804309 179191 40073 110 12643
1338804420 179191 40073 110 12643
1338809463 179222 40073 110 12643
1338817107 179222 40073 110 12643
1338819066 179226 40073 110 12643
1338819226 179226 40073 110 12643
1338819317 179226 40073 110 12643
1338819870 179236 40073 110 12643
1338830323 180011 40073 110 12643
1338887194 180011 40368 110 12643
1338889839 180011 40469 110 12643
1338891580 180435 40469 110 12643
1338891594 180435 40469 110 12643
1338891860 180435 40530 110 12643
1338891866 180435 40530 110 12643
1338894275 180635 40530 110 12643
1338895191 180635 40640 110 12643
1338895231 180635 40640 110 12643
1338895548 180635 40642 110 12643
1338896581 181582 40642 110 12643
1338896592 181582 40642 110 12643
1338901140 181582 40765 110 12643
1338907822 181582 40765 110 12643
1338908141 181587 40765 110 12643
1338912543 182430 40765 110 12643
1338912808 182430 40765 110 12643
1338912953 182430 40765 110 12643
1338933506 182430 40915 110 12643
1338969500 182430 41064 110 12643
1338970913 182430 41088 110 12643
1338978089 183114 41088 110 12643
1338979232 183152 41088 110 12643
1338981688 185848 41088 110 12643
1338983364 185907 41088 110 12643
1338983383 185907 41088 110 12643
1338994246 188582 41088 110 12643
1338994307 188582 41088 110 12643
1338995773 188582 41148 110 12643
1338996744 188596 41148 110 12643
1338996792 188596 41148 110 12643
1338998229 188653 41148 110 12643
1339007488 188653 41291 110 12643
1339058613 188653 41291 110 12643
1339059789 188686 41291 110 12643
1339059802 188686 41291 110 12643
1339060029 188686 41295 110 12643
1339060044 188686 41295 110 12643
1339063946 188686 41317 110 12643
1339077403 189334 41317 110 12643
1339079116 189682 41317 110 12643
1339080900 190100 41317 110 12643
1339081521 190100 41374 110 12643
1339081529 190100 41374 110 12643
1339082485 190138 41374 110 12643
1339085061 190138 41374 110 12643
1339085068 190138 41374 110 12643
1339102487 190138 41475 110 12643
1339146538 190167 41475 110 12643
1339156587 192168 41475 110 12643
1339165677 192168 41475 110 12643
1339174964 192198 41475 110 12643
1339488382 192519 41475 110 12643
1339498085 193832 41475 110 12643
1339498842 194401 41475 110 12643
1339499082 194403 41475 110 12643
1339514481 194455 41475 110 12643
1339579345 194689 41475 110 12643
1339586034 194916 41475 110 12643
1339596956 194967 41475 110 12643
1339607065 194988 41475 110 12643
1339607382 194988 41475 110 12643
1339669926 195181 41475 110 12643
1339672331 195181 41475 110 12643
1339672865 195181 41528 110 12643
1339673032 195181 41528 110 12643
1339673051 195181 41528 110 12643
1339673491 195181 41528 110 12643
1339675716 195181 41528 110 12643
1339683413 195342 41528 110 12643
1339686112 195394 41528 110 12643
1339686135 195394 41528 110 12643
1339687941 195467 41528 110 12643
1339696355 195467 41587 110 12643
1339703919 195467 41806 110 12643
1339744862 195467 41965 110 12643
1339754881 195626 41965 110 12643
1339755005 195626 41965 110 12643
1339755764 195626 42079 110 12643
1339755844 195626 42079 110 12643
1339758289 195626 42202 110 12643
1339759733 195819 42202 110 12643
1339759957 195819 42202 110 12643
1339760759 195819 42202 110 12643
1339762451 195819 42730 110 12643
1339762989 195819 42730 110 12643
1339769105 195911 42730 110 12643
1339769129 195911 42730 110 12643
1339772915 195911 42739 110 12643
1339773482 197195 42739 110 12643
1339773536 197195 42739 110 12643
1339781119 197457 42739 110 12643
1340002914 197457 43467 110 12643
1340003081 197457 43467 110 12643
1340180497 197457 43467 110 12643
1340189169 199387 43467 110 12643
1340203147 199660 43467 110 12643
1340221088 199660 43467 110 12643
1340221177 199660 43467 110 12643
1340278986 200180 43467 110 12643
1340279561 200180 43467 110 12643
1340355707 200237 43467 110 12643
1340359530 200335 43467 110 12643
1340363925 200335 43467 110 12643
1340368691 200394 43467 110 12643
1340372567 200427 43467 110 12643
1340381931 200619 43467 110 12643
1340382771 200619 43467 110 12643
1340386747 200619 43467 110 12643
1340399718 200619 43948 110 12643
1340472342 200619 44155 110 12643
1340552559 200619 45693 110 12643
1340620205 200845 45693 110 12643
1340623585 200888 45693 110 12643
1340625188 200888 45693 110 12643
1340634599 201035 45693 110 12643
1340640459 201178 45693 110 12643
1340703056 201178 45693 110 12643
1340707346 201212 45693 110 12643
1340720986 201241 45693 110 12643
1340726786 201251 45693 110 12643
1340726885 201251 45766 110 12643
1340779943 201251 45766 110 12643
1340780018 201251 45766 110 12643
1340780055 201251 45766 110 12643
1340790197 201500 45766 110 12643
1340791140 201554 45766 110 12643
1340792411 201611 45766 110 12643
1340816783 201611 47152 110 12643
1340824625 207737 47152 110 12643
1340824654 207737 47152 110 12643
1340828574 207737 47271 110 12643
1340828635 207737 47271 110 12643
1340878927 208751 47271 110 12643
1340879803 208751 47271 110 12643
1340892970 208751 47271 110 12643
1340893013 208751 47271 110 12643
1340896517 208880 47271 110 12643
1340903321 208880 47271 110 12643
1340958723 208915 47271 110 12643
1340964050 208915 47353 110 12643
1340964538 208915 47353 110 12643
1340965881 208983 47353 110 12643
1340966767 208983 47353 110 12643
1340971284 208983 47469 110 12643
1340971309 209135 47469 110 12643
1340971339 209135 47469 110 12643
1340971444 209135 47469 110 12643
1340973382 209143 47469 110 12643
1340973414 209143 47469 110 12643
1340977525 209143 47813 110 12643
1340986181 209462 47813 110 12643
1341211450 209462 48263 110 12643
1341214084 209462 48263 110 12643
1341214126 209462 48263 110 12643
1341214228 209462 48263 110 12643
1341215090 209471 48263 110 12643
1341216820 209554 48263 110 12643
1341216940 209554 48263 110 12643
1341220045 209554 48630 110 12643
1341220069 209554 48630 110 12643
1341221486 209600 48630 110 12643
1341221514 209600 48630 110 12643
1341225383 209796 48630 110 12643
1341227378 209804 48630 110 12643
1341227610 209804 48630 110 12643
1341231632 209804 48654 110 12643
1341231663 209804 48654 110 12643
1341305462 209804 48654 110 12643
1341344701 211350 48654 110 12643
1341386455 211350 48864 110 12643
1341386727 211350 48864 110 12643
1341398065 211414 48864 110 12643
1341409720 211704 48864 110 12643
1341415128 212641 48864 110 12643
1341417858 212753 48864 110 12643
1341469616 212753 50240 110 12643
1341470009 212753 50240 110 12643
1341476970 212753 50286 110 12643
1341479073 212753 50416 110 12643
1341480389 212787 50416 110 12643
1341480435 212787 50416 110 12643
1341480474 212787 50416 110 12643
1341480779 212832 50416 110 12643
1341488004 214067 50416 110 12643
1341489836 214386 50416 110 12643
1341490302 214396 50416 110 12643
1341503093 215108 50416 110 12643
1341512199 215152 50416 110 12643
1341558765 215152 50608 110 12643
1341558783 215152 50608 110 12643
1341562629 215152 50608 110 12643
1341565390 215318 50608 110 12643
1341566430 215318 50608 110 12643
1341571216 215318 50700 110 12643
1341573608 215485 50700 110 12643
1341573648 215485 50700 110 12643
1341578482 215485 50812 110 12643
1341578502 215485 50812 110 12643
1341587722 215655 50812 110 12643
1341587763 215655 50812 110 12643
1341588353 215659 50812 110 12643
1341818745 215659 51549 110 12643
1341818775 215659 51549 110 12643
1341821689 215659 51660 110 12643
1341826085 215659 51698 110 12643
1341835888 216237 51698 110 12643
1341835911 216237 51698 110 12643
1341835981 216237 51698 110 12643
1341841277 216237 52228 110 12643
1341841383 216237 52228 110 12643
1341846251 216594 52228 110 12643
1341847678 216649 52228 110 12643
1341852678 216754 52228 110 12643
1341857254 216754 52228 110 12643
1341857813 216754 52228 110 12643
1341859314 216754 52269 110 12643
1341859776 216754 52269 110 12643
1341859917 216754 52269 110 12643
1341860254 216831 52269 110 12643
1341860290 216831 52269 110 12643
1341862266 216831 52269 110 12643
1341862481 216831 52269 110 12643
1341868649 216831 52269 110 12643
1341908322 216831 52269 110 12643
1341908451 216831 52269 110 12643
1341918300 217339 52269 110 12643
1341919411 217388 52269 110 12643
1341921437 217493 52269 110 12643
1341927648 217505 52269 110 12643
1341929639 217570 52269 110 12643
1341934060 217694 52269 110 12643
1341935253 217694 52269 110 12643
1342008239 217879 52269 110 12643
1342024727 218005 52269 110 12643
1342040087 218005 52474 110 12643
1342040235 218005 52474 110 12643
1342082922 218017 52474 110 12643
1342092396 218201 52474 110 12643
1342094143 218201 52474 110 12643
1342094272 218201 52474 110 12643
1342096619 218201 52474 110 12643
1342099764 218201 52516 110 12643
1342100011 218201 52516 110 12643
1342101210 218203 52516 110 12643
1342101531 218203 52516 110 12643
1342101545 218203 52516 110 12643
1342101713 218216 52516 110 12643
1342101741 218216 52516 110 12643
1342103991 218462 52516 110 12643
1342116723 218652 52516 110 12643
1342172261 218652 52593 110 12643
1342172878 218652 52593 110 12643
1342179381 218829 52593 110 12643
1342179941 218829 52593 110 12643
1342181504 219013 52593 110 12643
1342184449 219013 52675 110 12643
1342184588 219013 52675 110 12643
1342196806 219663 52675 110 12643
1342347342 219663 54045 110 12643
1342347650 219663 54045 110 12643
1342441460 219663 56611 110 12643
1342444739 219663 56777 110 12643
1342459463 220560 56777 110 12643
1342459544 220560 56777 110 12643
1342461977 220560 57627 110 12643
1342462214 220560 57627 110 12643
1342476574 220560 57627 110 12643
1342524546 220642 57627 110 12643
1342535174 220805 57627 110 12643
1342539353 221066 57627 110 12643
1342608263 221789 57627 110 12643
1342609441 221808 57627 110 12643
1342627174 222479 57627 110 12643
1342643958 222479 57680 110 12643
1342644095 222479 57680 110 12643
1342646076 222479 57688 110 12643
1342691934 222890 57688 110 12643
1342694993 223341 57688 110 12643
1342695028 223341 57688 110 12643
1342696546 223341 57688 110 12643
1342696652 223349 57688 110 12643
1342696756 223349 57688 110 12643
1342698118 223349 57904 110 12643
1342699229 223349 57904 110 12643
1342700320 223349 57907 110 12643
1342700664 223349 57907 110 12643
1342700756 223349 57907 110 12643
1342701138 223349 57907 110 12643
1342701228 223349 57907 110 12643
1342705302 223349 57907 110 12643
1342729618 223349 58816 110 12643
1342784209 224543 58816 110 12643
1342786850 224740 58816 110 12643
1342795320 224740 58816 110 12643
1342800104 224740 59809 110 12643
1342806250 225059 59809 110 12643
1342900218 225059 60043 110 12643
1342900424 225059 60043 110 12643
1342910367 225059 60217 110 12643
1342914438 225059 60217 110 12643
1342969305 225059 60273 110 12643
1343053076 225436 60273 110 12643
1343058288 226685 60273 110 12643
1343060690 226685 60277 110 12643
1343060698 226685 60277 110 12643
1343118856 226685 60277 110 12643
1343120712 226694 60277 110 12643
1343122578 226696 60277 110 12643
1343130861 226780 60277 110 12643
1343144015 227466 60277 110 12643
1343210033 228182 60277 110 12643
1343211586 228236 60277 110 12643
1343211731 228236 60277 110 12643
1343215912 228236 60277 110 12643
1343231391 228869 60277 110 12643
1343231478 228869 60277 110 12643
1343231574 228869 60277 110 12643
1343238247 228869 60400 110 12643
1343238266 228869 60400 110 12643
1343300210 229139 60400 110 12643
1343313970 229402 60400 110 12643
1343334782 229402 60436 110 12643
1343334906 229402 60436 110 12643
1343335570 229402 60436 110 12643
1343375836 229442 60436 110 12643
1343375844 229442 60436 110 12643
1343376295 229442 60546 110 12643
1343380935 229549 60546 110 12643
1343381103 229549 60546 110 12643
1343381138 229549 60546 110 12643
1343383385 229549 60662 110 12643
1343383452 229549 60662 110 12643
1343385898 229708 60662 110 12643
1343385933 229708 60662 110 12643
1343386626 229903 60662 110 12643
1343387390 229903 60662 110 12643
1343397324 229903 60662 110 12643
1343405038 230245 60662 110 12643
1343407499 230245 61183 110 12643
1343407518 230245 61183 110 12643
1343628555 230245 61673 110 12643
1343638144 230245 61673 110 12643
1343638174 230245 61673 110 12643
1343658514 230245 61901 110 12643
1343666820 231359 61901 110 12643
1343667417 231359 61901 110 12643
1343671911 231359 61965 110 12643
1343671925 231359 61965 110 12643
1343718959 231359 62093 110 12643
1343723064 231359 62093 110 12643
1343723092 231359 62093 110 12643
1343727357 231434 62093 110 12643
1343730124 231610 62093 110 12643
1343731727 231610 62093 110 12643
1343741377 231639 62093 110 12643
1343752328 233017 62093 110 12643
1343763616 233017 62185 110 12643
1343764153 233017 62185 110 12643
1343769944 233017 62247 110 12643
1343771424 233017 62249 110 12643
1343822051 233797 62249 110 12643
1343831557 233797 62364 110 12643
1343831578 233797 62364 110 12643
1343835182 234684 62364 110 12643
1343835216 234684 62364 110 12643
1343838786 234705 62364 110 12643
1343855913 234705 62435 110 12643
1343855930 234705 62435 110 12643
1343901598 234736 62435 110 12643
1343901623 234736 62453 110 12643
1343901650 234736 62453 110 12643
1343902169 234736 62453 110 12643
1343906928 234850 62453 110 12643
1343906945 234850 62453 110 12643
1343994567 235863 62453 110 12643
1344000164 235872 62453 110 12643
1344000408 235886 62453 110 12643
1344003279 235886 62622 110 12643
1344003400 235886 62622 110 12643
1344004581 236079 62622 110 12643
1344004616 236079 62622 110 12643
1344005890 236098 62622 110 12643
1344006725 239930 62622 110 12643
1344234189 239930 63924 110 12643
1344240112 239930 63924 110 12643
1344240144 239930 63924 110 12643
1344247729 240164 63924 110 12643
1344252801 240769 63924 110 12643
1344256113 241094 63924 110 12643
1344267735 241462 63924 110 12643
1344269738 241539 63924 110 12643
